Equidstation
p =

      -0.204750204750205       14.94676494676495

p =

     -0.2616252616252621       1.365001365001367       16.77814177814178

p =

    0.008216510439968032     -0.3274970826388292       1.406922342164145        16.8941510867581

p =

    0.004377348127348061    -0.04478910728910666     -0.1649376649376658       1.397602960102958       16.66488932113932

p =

 Columns 1 through 5:

  -0.0002123162059312274    0.007391603228795915    -0.05757668221842061     -0.1522933884510438       1.413402841370879

 Column 6:

       16.65203077968392

err1 =

       4.2001      0.43542      0.22798      0.04526     0.021455