Tchebychev
p =

      -0.260688216892597       16.94473409801878

p =

     -0.2770956960643886       1.432371598117456       16.71526498874564

p =

    0.008496061695498863     -0.3360434158422946       1.451721371173178       16.80956167505313

p =

    0.004361802629844197    -0.04466172335903596     -0.1640351345878306       1.393906697675493       16.66567515445911

p =

 Columns 1 through 5:

  -0.0002041496694368369    0.007153625904481892    -0.05563774725131981     -0.1564960714273459       1.409003637913765

 Column 6:

       16.66314191717525

err2 =

       2.3609      0.34934      0.14899     0.025504    0.0098184